0 0 1 1 0 0 0 0 0 0 0 0 0 0 0 1 ELM-03
2 0 0 0 0 0 0 1 1 0 1 0 0 1 0 0 ELM-04
0 0 0 0 2 0 1 0 0 0 0 1 2 0 0 0 ELM-01
0 0 0 0 0 0 0 0 0 0 0 0 0 0 0 0 ELM-02
0 1 0 0 0 1 0 0 0 0 0 0 0 0 1 0 ELM-08
0 0 0 0 0 0 0 1 0 0 0 0 0 0 0 0 ELM-05
0 0 0 0 0 0 0 0 0 0 0 0 0 0 0 0 ELM-06
0 0 0 0 0 0 0 0 0 0 0 0 0 0 0 0 ELM-07
0 0 0 0 0 0 0 0 0 0 0 0 0 0 0 0 606-CY
0 0 0 0 0 0 0 0 0 0 0 0 0 0 0 0 ELM-05
0 0 0 0 0 0 0 0 0 0 0 0 0 0 0 0 ELM-06
0 0 0 0 0 0 0 0 0 0 0 0 0 0 0 0 ELM-03
0 0 0 0 0 0 0 0 0 0 0 0 0 0 0 0 606-CY
0 0 0 0 0 0 0 0 0 0 0 0 0 0 0 0 ELM-05
0 0 0 0 0 0 0 0 0 0 0 0 0 0 0 0 ELM-06
0 0 0 0 0 0 0 0 0 0 0 0 0 0 0 0 ELM-03
