2 1 2 1 2 0 0 0 2 0 0 0 2 0 0 0 606-BD 
0 0 0 0 2 0 0 1 0 1 0 0 0 1 0 1 606-SD
2 0 2 0 2 0 0 0 2 0 2 0 2 0 2 0 606-OH
0 1 0 1 2 0 0 0 0 1 0 1 0 1 0 1 606-CH
0 0 0 0 0 2 2 1 2 0 1 0 0 0 0 0 606-CY
0 0 0 0 0 0 0 0 0 0 0 0 0 0 0 0 ELM-01
0 0 0 0 0 0 0 0 0 0 0 0 0 0 0 0 ELM-02
0 0 0 0 0 0 0 0 0 0 0 0 0 0 0 0 ELM-03
0 0 0 0 0 0 0 0 0 0 0 0 0 0 0 0 606-CY
0 0 0 0 0 0 0 0 0 0 0 0 0 0 0 0 ELM-05
0 0 0 0 0 0 0 0 0 0 0 0 0 0 0 0 ELM-06
0 0 0 0 0 0 0 0 0 0 0 0 0 0 0 0 ELM-03
0 0 0 0 0 0 0 0 0 0 0 0 0 0 0 0 606-CY
0 0 0 0 0 0 0 0 0 0 0 0 0 0 0 0 ELM-05
0 0 0 0 0 0 0 0 0 0 0 0 0 0 0 0 ELM-06
0 0 0 0 0 0 0 0 0 0 0 0 0 0 0 0 ELM-03

